%YAML:1.0
image_width: 640
image_height: 480
camera_matrix: !!opencv-matrix
   rows: 3
   cols: 3
   dt: d
   data: [ 5.1206006181484076e+002, 0., 3.1402470053593362e+002, 0.,
       5.1284520607360116e+002, 2.3881501717744808e+002, 0., 0., 1. ]
distortion_coefficients: !!opencv-matrix
   rows: 1
   cols: 5
   dt: d
   data: [ 5.9399037958676057e-002, -3.7640763708950054e-001,
       -2.1795174676407366e-003, -2.1338489963180231e-003,
       4.9707465527698830e-001 ]
