%YAML:1.0
nmarkers: 40
markersize: 3
marker_0: "011110100"
marker_1: "011001000"
marker_2: "101101010"
marker_3: "010010111"
marker_4: "100001101"
marker_5: "111011100"
marker_6: "110011111"
marker_7: "010110001"
marker_8: "110101100"
marker_9: "101001100"
marker_10: "010011010"
marker_11: "110001000"
marker_12: "100100100"
marker_13: "010101011"
marker_14: "111101000"
marker_15: "101010111"
marker_16: "000010110"
marker_17: "011101111"
marker_18: "100010100"
marker_19: "010000000"
marker_20: "111001001"
marker_21: "101101111"
marker_22: "010001111"
marker_23: "010111111"
marker_24: "100101011"
marker_25: "100100010"
marker_26: "110100011"
marker_27: "001101000"
marker_28: "011010011"
marker_29: "011011001"
marker_30: "010000110"
marker_31: "000010011"
marker_32: "100111111"
marker_33: "100000000"
marker_34: "010110110"
marker_35: "011110010"
marker_36: "010010110"
marker_37: "101001010"
marker_38: "000110010"
marker_39: "101111001"
