%YAML:1.0
nmarkers: 80
markersize: 3
marker_0: "011001010"
marker_1: "101001100"
marker_2: "100110100"
marker_3: "011110011"
marker_4: "011010101"
marker_5: "100100010"
marker_6: "110110111"
marker_7: "101110111"
marker_8: "010100001"
marker_9: "011110110"
marker_10: "100010000"
marker_11: "011001111"
marker_12: "110101101"
marker_13: "010011000"
marker_14: "000001101"
marker_15: "001011100"
marker_16: "100111000"
marker_17: "011101100"
marker_18: "100101100"
marker_19: "010010011"
marker_20: "110010100"
marker_21: "100001001"
marker_22: "001001011"
marker_23: "011101011"
marker_24: "110111010"
marker_25: "111110010"
marker_26: "001001000"
marker_27: "111100010"
marker_28: "110000110"
marker_29: "100110001"
marker_30: "100000010"
marker_31: "001110101"
marker_32: "000010010"
marker_33: "111011001"
marker_34: "111100101"
marker_35: "101011001"
marker_36: "100010110"
marker_37: "010011001"
marker_38: "000111110"
marker_39: "011111011"
marker_40: "011110100"
marker_41: "011001000"
marker_42: "101101010"
marker_43: "010010111"
marker_44: "100001101"
marker_45: "111011100"
marker_46: "110011111"
marker_47: "010110001"
marker_48: "110101100"
marker_49: "101001100"
marker_50: "010011010"
marker_51: "110001000"
marker_52: "100100100"
marker_53: "010101011"
marker_54: "111101000"
marker_55: "101010111"
marker_56: "000010110"
marker_57: "011101111"
marker_58: "100010100"
marker_59: "010000000"
marker_60: "111001001"
marker_61: "101101111"
marker_62: "010001111"
marker_63: "010111111"
marker_64: "100101011"
marker_65: "100100010"
marker_66: "110100011"
marker_67: "001101000"
marker_68: "011010011"
marker_69: "011011001"
marker_70: "010000110"
marker_71: "000010011"
marker_72: "100111111"
marker_73: "100000000"
marker_74: "010110110"
marker_75: "011110010"
marker_76: "010010110"
marker_77: "101001010"
marker_78: "000110010"
marker_79: "101111001"